0 0.639145 0.561507 0.038602 0.050625
0 0.572223 0.450528 0.035070 0.028306
0 0.343594 0.410639 0.024688 0.016250
0 0.255449 0.405896 0.025320 0.018069
0 0.233344 0.399021 0.017969 0.018208
0 0.188926 0.396035 0.017430 0.014458
0 0.179824 0.415340 0.014695 0.029181
0 0.198621 0.444799 0.012289 0.024736
0 0.192758 0.475458 0.012641 0.033806
0 0.294230 0.466438 0.041070 0.041403
0 0.343988 0.496562 0.039523 0.037708
0 0.562676 0.491750 0.048945 0.040667
0 0.598301 0.640833 0.073820 0.087361
0 0.433695 0.899257 0.099891 0.197736
0 0.308703 0.530194 0.044437 0.070944
0 0.380625 0.626528 0.050937 0.075556
0 0.337383 0.431250 0.023516 0.022500
0 0.830715 0.612056 0.071617 0.062139
0 0.985582 0.636264 0.028383 0.087583
0 0.239656 0.521167 0.040266 0.063167
0 0.668086 0.521965 0.043828 0.044931
0 0.423809 0.421687 0.037070 0.034153
0 0.507133 0.464465 0.040359 0.037986
0 0.874926 0.697778 0.079148 0.081972
0 0.273965 0.839493 0.085648 0.135764
0 0.853082 0.942514 0.107055 0.108250
