0 0.532348 0.674667 0.070008 0.105194
0 0.286691 0.402500 0.026742 0.026639
0 0.516617 0.438069 0.047766 0.041028
0 0.833629 0.557132 0.084383 0.071931
0 0.326195 0.418201 0.029687 0.025431
0 0.243500 0.432215 0.038906 0.025681
0 0.254172 0.460194 0.033047 0.030694
0 0.434047 0.423125 0.030859 0.030333
0 0.499820 0.556868 0.065250 0.073042
0 0.839027 0.618604 0.091758 0.080875
0 0.595125 0.528715 0.048922 0.060597
0 0.289637 0.595660 0.081773 0.179931
0 0.722699 0.548438 0.064523 0.070153
0 0.247215 0.512597 0.041195 0.065361
0 0.342871 0.543014 0.040086 0.067778
0 0.353422 0.465382 0.048797 0.066292
0 0.440617 0.581764 0.052109 0.067083
0 0.447813 0.457743 0.046500 0.048264
0 0.626020 0.499549 0.052102 0.053181
0 0.491508 0.462472 0.038531 0.040222
