0 0.427660 0.501403 0.052742 0.060917
0 0.452227 0.956368 0.122578 0.087264
0 0.663785 0.494132 0.049320 0.035653
0 0.513000 0.444083 0.115297 0.134194
0 0.347430 0.430826 0.035703 0.035597
0 0.396125 0.691528 0.059344 0.093444
0 0.240484 0.466326 0.041906 0.049708
0 0.502387 0.554028 0.049195 0.056472
0 0.267316 0.539250 0.040164 0.069194
0 0.620637 0.550562 0.052273 0.055542
0 0.866848 0.720812 0.096039 0.097514
0 0.289469 0.501903 0.037484 0.041806
0 0.560852 0.510090 0.048672 0.048569
0 0.730859 0.618757 0.076719 0.079736
0 0.776078 0.539042 0.051062 0.053083
0 0.744121 0.559569 0.056836 0.054778
0 0.367027 0.507674 0.052398 0.066292
0 0.655039 0.521806 0.052734 0.040556
0 0.227262 0.470313 0.069102 0.060264
