0 0.765852 0.602361 0.068687 0.075500
0 0.245195 0.468882 0.037844 0.045958
0 0.352063 0.438153 0.024984 0.019639
0 0.396699 0.429840 0.020930 0.020986
0 0.315566 0.477708 0.044242 0.033694
0 0.615289 0.504208 0.050937 0.051139
0 0.636785 0.475111 0.040164 0.034611
0 0.627789 0.450382 0.040375 0.026431
0 0.327988 0.419549 0.020555 0.021819
0 0.272074 0.410667 0.028867 0.027028
0 0.305637 0.405431 0.026773 0.027528
0 0.206805 0.395062 0.033156 0.023625
0 0.968816 0.719035 0.062367 0.099903
0 0.263273 0.545743 0.044422 0.059403
0 0.383363 0.482889 0.046023 0.044639
0 0.238578 0.928889 0.084813 0.142222
0 0.559059 0.775174 0.082117 0.124764
0 0.502848 0.649896 0.069930 0.107847
0 0.427715 0.947854 0.113430 0.104292
0 0.488047 0.456667 0.027813 0.028611
0 0.556051 0.459819 0.035242 0.041028
0 0.461406 0.470903 0.035625 0.036250
0 0.323125 0.525229 0.046094 0.072125
0 0.835090 0.689382 0.090305 0.084542
0 0.282715 0.652715 0.056102 0.099875
0 0.825617 0.553174 0.072453 0.071042
