0 0.700043 0.537701 0.057023 0.058625
0 0.476270 0.632667 0.059898 0.081889
0 0.736105 0.518403 0.052773 0.050639
0 0.285625 0.625569 0.053938 0.103528
0 0.616543 0.497646 0.051570 0.059653
0 0.842543 0.615944 0.072773 0.069472
0 0.262273 0.898542 0.121719 0.191667
0 0.292566 0.503799 0.040148 0.049764
0 0.623305 0.679708 0.078016 0.101861
0 0.438078 0.582187 0.048578 0.062819
0 0.205137 0.473785 0.026133 0.029681
0 0.338211 0.525931 0.062266 0.090028
0 0.990824 0.642319 0.018023 0.057972
0 0.778332 0.647354 0.087617 0.108319
0 0.551316 0.473368 0.049242 0.053125
0 0.543219 0.583243 0.058109 0.078292
0 0.461125 0.521715 0.058500 0.062014
0 0.464871 0.456063 0.037133 0.030681
0 0.517266 0.433944 0.049922 0.042444
0 0.663422 0.471917 0.050813 0.040056
0 0.560926 0.449438 0.038898 0.041931
0 0.378449 0.511465 0.047180 0.058486
