0 0.284801 0.690958 0.060633 0.132806
0 0.675281 0.959431 0.131297 0.081139
0 0.598484 0.466431 0.032734 0.044667
0 0.248027 0.409722 0.023992 0.030556
0 0.228578 0.454167 0.038266 0.042444
0 0.364844 0.438056 0.034219 0.029722
0 0.315941 0.422229 0.025633 0.027236
0 0.266125 0.484153 0.038719 0.046444
0 0.236895 0.520521 0.039617 0.060042
0 0.420152 0.538514 0.065258 0.086417
0 0.246949 0.907264 0.098727 0.153556
0 0.877773 0.645674 0.082687 0.071264
0 0.576258 0.483083 0.050875 0.052889
0 0.774734 0.870417 0.118641 0.148306
0 0.456187 0.604014 0.051344 0.077194
0 0.715336 0.513646 0.055375 0.059792
0 0.700340 0.598917 0.066695 0.071306
0 0.267227 0.587076 0.047422 0.076542
0 0.521508 0.653722 0.071312 0.110250
0 0.850840 0.694007 0.089523 0.083181
0 0.340656 0.542938 0.051359 0.061986
0 0.409402 0.675194 0.059086 0.113833
