0 0.251699 0.551090 0.041086 0.049458
0 0.293238 0.778486 0.072430 0.150000
0 0.288449 0.440340 0.039352 0.035875
0 0.261313 0.488076 0.038672 0.036681
0 0.397613 0.419174 0.046227 0.038486
0 0.372594 0.475722 0.035453 0.040778
0 0.431242 0.507208 0.051125 0.065556
0 0.919957 0.551687 0.073523 0.062903
0 0.732082 0.797590 0.125820 0.176597
0 0.388926 0.634917 0.080070 0.191583
0 0.333816 0.486021 0.042555 0.046042
0 0.913086 0.602014 0.083984 0.072639
0 0.737738 0.492535 0.051555 0.051847
0 0.748547 0.577972 0.070609 0.064361
0 0.322051 0.417250 0.041477 0.034167
0 0.292254 0.506646 0.039008 0.062097
0 0.328020 0.541375 0.038570 0.062972
0 0.508844 0.566375 0.054641 0.063167
0 0.301063 0.596229 0.042797 0.074347
0 0.544289 0.733528 0.073797 0.110306
