0 0.477582 0.611618 0.063742 0.091903
0 0.371738 0.611194 0.049461 0.093222
0 0.596531 0.462569 0.032344 0.043833
0 0.271941 0.832722 0.080508 0.161889
0 0.275813 0.707993 0.062688 0.101264
0 0.239883 0.409681 0.022187 0.019583
0 0.267422 0.407875 0.021641 0.020694
0 0.308586 0.471958 0.042016 0.038861
0 0.274633 0.491743 0.038234 0.039097
0 0.238160 0.533187 0.036695 0.046319
0 0.397453 0.445785 0.032500 0.029125
0 0.432805 0.436444 0.027875 0.039833
0 0.608117 0.889674 0.110719 0.182292
0 0.768801 0.568944 0.067367 0.067306
0 0.326355 0.416861 0.034852 0.035861
0 0.965617 0.707667 0.064375 0.065278
0 0.814422 0.519597 0.059906 0.057917
0 0.772852 0.652861 0.078312 0.090583
0 0.635223 0.557438 0.058961 0.051931
0 0.497332 0.481389 0.042758 0.038750
0 0.555312 0.465000 0.053125 0.048611
0 0.686523 0.742688 0.090188 0.116347
0 0.462691 0.949444 0.114289 0.095083
