0 0.238770 0.523201 0.037289 0.056736
0 0.330648 0.543208 0.046359 0.062111
0 0.281770 0.614271 0.056773 0.120625
0 0.499020 0.483208 0.052445 0.052194
0 0.546293 0.580236 0.078711 0.102778
0 0.676910 0.580743 0.062211 0.066819
0 0.811191 0.676153 0.085023 0.082917
0 0.663152 0.476292 0.043758 0.030861
0 0.840418 0.959729 0.047195 0.068264
0 0.282738 0.782111 0.078508 0.169556
0 0.936516 0.692208 0.085641 0.076556
0 0.979398 0.580125 0.041125 0.071694
0 0.447281 0.573403 0.053781 0.065833
0 0.610254 0.474090 0.050336 0.051625
0 0.596523 0.529813 0.038641 0.048931
0 0.397578 0.657521 0.069687 0.137236
0 0.929129 0.608486 0.083602 0.075306
0 0.682719 0.721694 0.086203 0.128083
0 0.522504 0.693181 0.066523 0.116250
0 0.679898 0.963757 0.129828 0.072486
