0 0.629113 0.870444 0.130258 0.184639
0 0.709703 0.551840 0.060687 0.062014
0 0.821996 0.559021 0.068773 0.055764
0 0.424316 0.566549 0.052336 0.080403
0 0.301055 0.650069 0.051656 0.093056
0 0.332496 0.536979 0.043039 0.062375
0 0.778430 0.655236 0.084578 0.071583
0 0.567648 0.498556 0.055547 0.091250
0 0.800590 0.506889 0.063258 0.047667
0 0.682031 0.497563 0.052500 0.052875
0 0.565293 0.478840 0.051898 0.052153
0 0.955594 0.604542 0.060469 0.071000
0 0.258871 0.551417 0.041852 0.088111
0 0.652711 0.439104 0.125984 0.092097
0 0.252266 0.944167 0.116328 0.111667
0 0.471687 0.970174 0.117719 0.059653
0 0.321250 0.477826 0.043484 0.042681
0 0.372609 0.509312 0.044609 0.049681
0 0.250945 0.404451 0.024781 0.032875
0 0.303844 0.422271 0.020938 0.024319
0 0.344160 0.431903 0.025617 0.029889
0 0.390328 0.429451 0.031141 0.033014
0 0.506512 0.422764 0.105414 0.094583
