0 0.920125 0.651618 0.100234 0.102764
0 0.884437 0.925556 0.170031 0.148889
0 0.628617 0.510549 0.052250 0.047597
0 0.650879 0.573160 0.051320 0.038792
0 0.766156 0.642278 0.077375 0.085111
0 0.544996 0.502125 0.044727 0.050056
0 0.657918 0.699174 0.088586 0.113542
0 0.401004 0.677424 0.060992 0.114903
0 0.443539 0.502944 0.049437 0.066778
0 0.426203 0.434785 0.024469 0.028347
0 0.369398 0.587653 0.046719 0.076750
0 0.352504 0.413264 0.024742 0.037472
0 0.498109 0.628722 0.066484 0.102194
0 0.597602 0.826569 0.094047 0.139778
0 0.703902 0.503556 0.056852 0.056694
0 0.377398 0.519250 0.047156 0.052333
0 0.383141 0.476451 0.044656 0.043014
0 0.333988 0.479118 0.045164 0.044792
0 0.200742 0.448319 0.021063 0.045306
0 0.237895 0.916889 0.122586 0.166222
0 0.669887 0.969188 0.117742 0.061625
0 0.532000 0.580944 0.058359 0.063028
0 0.543781 0.458785 0.047750 0.047847
0 0.255352 0.479007 0.034969 0.041792
0 0.467348 0.445069 0.040352 0.042917
0 0.308668 0.521285 0.039961 0.057486
