0 0.249867 0.398160 0.026484 0.019458
0 0.429871 0.932799 0.143539 0.134403
0 0.813949 0.928500 0.157164 0.143000
0 0.454102 0.518944 0.051187 0.057028
0 0.306184 0.413299 0.020102 0.019597
0 0.613719 0.476444 0.036594 0.034639
0 0.575605 0.480167 0.052039 0.051056
0 0.482926 0.471910 0.041492 0.029542
0 0.386320 0.626479 0.060344 0.094069
0 0.456922 0.587201 0.055906 0.070347
0 0.276934 0.604681 0.046836 0.076667
0 0.785410 0.561993 0.099039 0.095264
0 0.850078 0.562396 0.061766 0.079153
0 0.718422 0.604090 0.064609 0.080347
0 0.528711 0.726479 0.068359 0.103097
0 0.585156 0.523118 0.049062 0.045514
0 0.482617 0.438222 0.038516 0.041056
0 0.184836 0.390139 0.020812 0.024556
0 0.212055 0.402188 0.026953 0.017792
0 0.408633 0.434465 0.036250 0.031264
0 0.373004 0.440090 0.032977 0.034181
0 0.263590 0.483229 0.041477 0.044931
0 0.347262 0.491153 0.048445 0.056167
0 0.257840 0.546882 0.041961 0.054708
